choices	trials	confidence	RfA
6	2	1	-1
6	2	0.99	-1
6	2	0.98	-1
6	2	0.97	-1
6	2	0.96	-1
6	2	0.95	-1
6	2	0.94	-1
6	2	0.93	-1
6	2	0.92	-1
6	2	0.91	-1
6	2	0.9	2
6	2	0.89	-1
6	2	0.88	-1
6	2	0.87	-1
6	2	0.86	-1
6	2	0.85	2
6	2	0.84	-1
6	2	0.83	2
6	2	0.82	-1
6	2	0.81	2
6	2	0.8	2
6	3	1	-1
6	3	0.99	-1
6	3	0.98	-1
6	3	0.97	-1
6	3	0.96	-1
6	3	0.95	3
6	3	0.94	3
6	3	0.93	3
6	3	0.92	3
6	3	0.91	3
6	3	0.9	3
6	3	0.89	3
6	3	0.88	3
6	3	0.87	3
6	3	0.86	3
6	3	0.85	3
6	3	0.84	3
6	3	0.83	3
6	3	0.82	3
6	3	0.81	3
6	3	0.8	3
6	4	1	4
6	4	0.99	4
6	4	0.98	4
6	4	0.97	4
6	4	0.96	4
6	4	0.95	4
6	4	0.94	3
6	4	0.93	4
6	4	0.92	3
6	4	0.91	3
6	4	0.9	3
6	4	0.89	3
6	4	0.88	3
6	4	0.87	3
6	4	0.86	4
6	4	0.85	3
6	4	0.84	3
6	4	0.83	3
6	4	0.82	3
6	4	0.81	3
6	4	0.8	3
6	5	1	5
6	5	0.99	5
6	5	0.98	5
6	5	0.97	4
6	5	0.96	4
6	5	0.95	5
6	5	0.94	4
6	5	0.93	4
6	5	0.92	4
6	5	0.91	4
6	5	0.9	4
6	5	0.89	4
6	5	0.88	4
6	5	0.87	4
6	5	0.86	4
6	5	0.85	4
6	5	0.84	4
6	5	0.83	4
6	5	0.82	3
6	5	0.81	3
6	5	0.8	4
6	6	1	-1
6	6	0.99	6
6	6	0.98	5
6	6	0.97	5
6	6	0.96	4
6	6	0.95	5
6	6	0.94	5
6	6	0.93	4
6	6	0.92	4
6	6	0.91	5
6	6	0.9	4
6	6	0.89	4
6	6	0.88	4
6	6	0.87	4
6	6	0.86	4
6	6	0.85	4
6	6	0.84	4
6	6	0.83	4
6	6	0.82	4
6	6	0.81	4
6	6	0.8	4
6	7	1	-1
6	7	0.99	5
6	7	0.98	5
6	7	0.97	6
6	7	0.96	5
6	7	0.95	4
6	7	0.94	5
6	7	0.93	5
6	7	0.92	5
6	7	0.91	5
6	7	0.9	4
6	7	0.89	4
6	7	0.88	4
6	7	0.87	4
6	7	0.86	4
6	7	0.85	4
6	7	0.84	4
6	7	0.83	4
6	7	0.82	4
6	7	0.81	4
6	7	0.8	4
6	8	1	7
6	8	0.99	6
6	8	0.98	6
6	8	0.97	6
6	8	0.96	5
6	8	0.95	5
6	8	0.94	5
6	8	0.93	5
6	8	0.92	5
6	8	0.91	5
6	8	0.9	5
6	8	0.89	5
6	8	0.88	5
6	8	0.87	5
6	8	0.86	5
6	8	0.85	5
6	8	0.84	4
6	8	0.83	5
6	8	0.82	5
6	8	0.81	4
6	8	0.8	5
6	9	1	-1
6	9	0.99	6
6	9	0.98	6
6	9	0.97	6
6	9	0.96	5
6	9	0.95	5
6	9	0.94	5
6	9	0.93	6
6	9	0.92	5
6	9	0.91	5
6	9	0.9	5
6	9	0.89	5
6	9	0.88	5
6	9	0.87	5
6	9	0.86	5
6	9	0.85	5
6	9	0.84	5
6	9	0.83	5
6	9	0.82	5
6	9	0.81	5
6	9	0.8	5
6	10	1	-1
6	10	0.99	6
6	10	0.98	6
6	10	0.97	7
6	10	0.96	6
6	10	0.95	6
6	10	0.94	6
6	10	0.93	6
6	10	0.92	5
6	10	0.91	6
6	10	0.9	6
6	10	0.89	5
6	10	0.88	5
6	10	0.87	5
6	10	0.86	5
6	10	0.85	6
6	10	0.84	5
6	10	0.83	5
6	10	0.82	5
6	10	0.81	5
6	10	0.8	5
6	11	1	-1
6	11	0.99	7
6	11	0.98	7
6	11	0.97	6
6	11	0.96	6
6	11	0.95	6
6	11	0.94	6
6	11	0.93	6
6	11	0.92	6
6	11	0.91	6
6	11	0.9	6
6	11	0.89	6
6	11	0.88	5
6	11	0.87	6
6	11	0.86	5
6	11	0.85	6
6	11	0.84	6
6	11	0.83	6
6	11	0.82	5
6	11	0.81	5
6	11	0.8	5
6	12	1	7
6	12	0.99	8
6	12	0.98	7
6	12	0.97	7
6	12	0.96	7
6	12	0.95	6
6	12	0.94	6
6	12	0.93	6
6	12	0.92	6
6	12	0.91	6
6	12	0.9	6
6	12	0.89	6
6	12	0.88	6
6	12	0.87	6
6	12	0.86	6
6	12	0.85	6
6	12	0.84	6
6	12	0.83	5
6	12	0.82	6
6	12	0.81	5
6	12	0.8	5
6	13	1	8
6	13	0.99	8
6	13	0.98	8
6	13	0.97	7
6	13	0.96	7
6	13	0.95	7
6	13	0.94	7
6	13	0.93	6
6	13	0.92	6
6	13	0.91	7
6	13	0.9	6
6	13	0.89	6
6	13	0.88	6
6	13	0.87	6
6	13	0.86	6
6	13	0.85	6
6	13	0.84	6
6	13	0.83	6
6	13	0.82	6
6	13	0.81	6
6	13	0.8	6
6	14	1	-1
6	14	0.99	8
6	14	0.98	8
6	14	0.97	7
6	14	0.96	7
6	14	0.95	7
6	14	0.94	7
6	14	0.93	7
6	14	0.92	7
6	14	0.91	7
6	14	0.9	6
6	14	0.89	7
6	14	0.88	7
6	14	0.87	6
6	14	0.86	6
6	14	0.85	7
6	14	0.84	6
6	14	0.83	6
6	14	0.82	6
6	14	0.81	6
6	14	0.8	6
6	15	1	8
6	15	0.99	8
6	15	0.98	9
6	15	0.97	7
6	15	0.96	7
6	15	0.95	7
6	15	0.94	7
6	15	0.93	7
6	15	0.92	7
6	15	0.91	7
6	15	0.9	7
6	15	0.89	6
6	15	0.88	7
6	15	0.87	7
6	15	0.86	6
6	15	0.85	7
6	15	0.84	7
6	15	0.83	6
6	15	0.82	6
6	15	0.81	6
6	15	0.8	6
7	2	1	-1
7	2	0.99	-1
7	2	0.98	-1
7	2	0.97	-1
7	2	0.96	-1
7	2	0.95	-1
7	2	0.94	-1
7	2	0.93	-1
7	2	0.92	-1
7	2	0.91	-1
7	2	0.9	-1
7	2	0.89	-1
7	2	0.88	-1
7	2	0.87	-1
7	2	0.86	2
7	2	0.85	2
7	2	0.84	2
7	2	0.83	-1
7	2	0.82	2
7	2	0.81	2
7	2	0.8	2
7	3	1	-1
7	3	0.99	-1
7	3	0.98	-1
7	3	0.97	3
7	3	0.96	-1
7	3	0.95	3
7	3	0.94	3
7	3	0.93	3
7	3	0.92	3
7	3	0.91	3
7	3	0.9	3
7	3	0.89	3
7	3	0.88	3
7	3	0.87	3
7	3	0.86	3
7	3	0.85	3
7	3	0.84	3
7	3	0.83	3
7	3	0.82	3
7	3	0.81	3
7	3	0.8	3
7	4	1	4
7	4	0.99	4
7	4	0.98	4
7	4	0.97	4
7	4	0.96	3
7	4	0.95	4
7	4	0.94	4
7	4	0.93	4
7	4	0.92	3
7	4	0.91	4
7	4	0.9	3
7	4	0.89	3
7	4	0.88	3
7	4	0.87	3
7	4	0.86	3
7	4	0.85	3
7	4	0.84	3
7	4	0.83	3
7	4	0.82	3
7	4	0.81	3
7	4	0.8	3
7	5	1	5
7	5	0.99	4
7	5	0.98	4
7	5	0.97	4
7	5	0.96	4
7	5	0.95	4
7	5	0.94	4
7	5	0.93	4
7	5	0.92	4
7	5	0.91	4
7	5	0.9	4
7	5	0.89	4
7	5	0.88	4
7	5	0.87	3
7	5	0.86	3
7	5	0.85	4
7	5	0.84	4
7	5	0.83	3
7	5	0.82	4
7	5	0.81	3
7	5	0.8	3
7	6	1	-1
7	6	0.99	6
7	6	0.98	5
7	6	0.97	4
7	6	0.96	4
7	6	0.95	4
7	6	0.94	5
7	6	0.93	4
7	6	0.92	4
7	6	0.91	4
7	6	0.9	4
7	6	0.89	4
7	6	0.88	4
7	6	0.87	4
7	6	0.86	4
7	6	0.85	4
7	6	0.84	4
7	6	0.83	4
7	6	0.82	4
7	6	0.81	4
7	6	0.8	4
7	7	1	-1
7	7	0.99	5
7	7	0.98	5
7	7	0.97	5
7	7	0.96	4
7	7	0.95	5
7	7	0.94	5
7	7	0.93	5
7	7	0.92	4
7	7	0.91	4
7	7	0.9	4
7	7	0.89	4
7	7	0.88	4
7	7	0.87	4
7	7	0.86	4
7	7	0.85	4
7	7	0.84	4
7	7	0.83	4
7	7	0.82	4
7	7	0.81	4
7	7	0.8	4
7	8	1	-1
7	8	0.99	6
7	8	0.98	5
7	8	0.97	5
7	8	0.96	5
7	8	0.95	5
7	8	0.94	5
7	8	0.93	5
7	8	0.92	5
7	8	0.91	5
7	8	0.9	5
7	8	0.89	5
7	8	0.88	4
7	8	0.87	5
7	8	0.86	4
7	8	0.85	4
7	8	0.84	5
7	8	0.83	5
7	8	0.82	4
7	8	0.81	4
7	8	0.8	4
7	9	1	-1
7	9	0.99	5
7	9	0.98	6
7	9	0.97	6
7	9	0.96	5
7	9	0.95	5
7	9	0.94	5
7	9	0.93	5
7	9	0.92	5
7	9	0.91	5
7	9	0.9	5
7	9	0.89	5
7	9	0.88	5
7	9	0.87	5
7	9	0.86	5
7	9	0.85	5
7	9	0.84	5
7	9	0.83	5
7	9	0.82	4
7	9	0.81	4
7	9	0.8	4
7	10	1	-1
7	10	0.99	6
7	10	0.98	7
7	10	0.97	6
7	10	0.96	6
7	10	0.95	6
7	10	0.94	5
7	10	0.93	5
7	10	0.92	6
7	10	0.91	5
7	10	0.9	5
7	10	0.89	5
7	10	0.88	5
7	10	0.87	5
7	10	0.86	5
7	10	0.85	5
7	10	0.84	5
7	10	0.83	5
7	10	0.82	5
7	10	0.81	5
7	10	0.8	5
7	11	1	8
7	11	0.99	7
7	11	0.98	6
7	11	0.97	7
7	11	0.96	6
7	11	0.95	6
7	11	0.94	5
7	11	0.93	6
7	11	0.92	6
7	11	0.91	6
7	11	0.9	6
7	11	0.89	5
7	11	0.88	5
7	11	0.87	5
7	11	0.86	5
7	11	0.85	5
7	11	0.84	5
7	11	0.83	5
7	11	0.82	5
7	11	0.81	5
7	11	0.8	5
7	12	1	-1
7	12	0.99	9
7	12	0.98	7
7	12	0.97	6
7	12	0.96	6
7	12	0.95	6
7	12	0.94	6
7	12	0.93	6
7	12	0.92	6
7	12	0.91	6
7	12	0.9	6
7	12	0.89	6
7	12	0.88	5
7	12	0.87	6
7	12	0.86	5
7	12	0.85	5
7	12	0.84	6
7	12	0.83	5
7	12	0.82	5
7	12	0.81	5
7	12	0.8	5
7	13	1	-1
7	13	0.99	7
7	13	0.98	7
7	13	0.97	7
7	13	0.96	6
7	13	0.95	7
7	13	0.94	6
7	13	0.93	6
7	13	0.92	6
7	13	0.91	6
7	13	0.9	6
7	13	0.89	6
7	13	0.88	6
7	13	0.87	6
7	13	0.86	6
7	13	0.85	6
7	13	0.84	6
7	13	0.83	6
7	13	0.82	6
7	13	0.81	5
7	13	0.8	6
7	14	1	-1
7	14	0.99	7
7	14	0.98	8
7	14	0.97	7
7	14	0.96	7
7	14	0.95	7
7	14	0.94	6
7	14	0.93	7
7	14	0.92	6
7	14	0.91	6
7	14	0.9	6
7	14	0.89	6
7	14	0.88	6
7	14	0.87	6
7	14	0.86	6
7	14	0.85	6
7	14	0.84	6
7	14	0.83	6
7	14	0.82	6
7	14	0.81	6
7	14	0.8	5
7	15	1	-1
7	15	0.99	8
7	15	0.98	7
7	15	0.97	7
7	15	0.96	7
7	15	0.95	7
7	15	0.94	7
7	15	0.93	7
7	15	0.92	7
7	15	0.91	7
7	15	0.9	6
7	15	0.89	6
7	15	0.88	6
7	15	0.87	6
7	15	0.86	6
7	15	0.85	6
7	15	0.84	6
7	15	0.83	6
7	15	0.82	6
7	15	0.81	6
7	15	0.8	6
8	2	1	-1
8	2	0.99	-1
8	2	0.98	-1
8	2	0.97	-1
8	2	0.96	-1
8	2	0.95	-1
8	2	0.94	-1
8	2	0.93	-1
8	2	0.92	-1
8	2	0.91	-1
8	2	0.9	-1
8	2	0.89	-1
8	2	0.88	-1
8	2	0.87	-1
8	2	0.86	2
8	2	0.85	2
8	2	0.84	2
8	2	0.83	2
8	2	0.82	2
8	2	0.81	2
8	2	0.8	2
8	3	1	-1
8	3	0.99	-1
8	3	0.98	3
8	3	0.97	3
8	3	0.96	3
8	3	0.95	3
8	3	0.94	3
8	3	0.93	3
8	3	0.92	3
8	3	0.91	3
8	3	0.9	3
8	3	0.89	3
8	3	0.88	3
8	3	0.87	3
8	3	0.86	3
8	3	0.85	3
8	3	0.84	3
8	3	0.83	3
8	3	0.82	3
8	3	0.81	3
8	3	0.8	3
8	4	1	4
8	4	0.99	4
8	4	0.98	4
8	4	0.97	4
8	4	0.96	4
8	4	0.95	3
8	4	0.94	3
8	4	0.93	4
8	4	0.92	3
8	4	0.91	3
8	4	0.9	3
8	4	0.89	3
8	4	0.88	3
8	4	0.87	3
8	4	0.86	3
8	4	0.85	3
8	4	0.84	3
8	4	0.83	3
8	4	0.82	3
8	4	0.81	3
8	4	0.8	3
8	5	1	-1
8	5	0.99	5
8	5	0.98	4
8	5	0.97	4
8	5	0.96	4
8	5	0.95	4
8	5	0.94	4
8	5	0.93	4
8	5	0.92	4
8	5	0.91	4
8	5	0.9	4
8	5	0.89	4
8	5	0.88	4
8	5	0.87	3
8	5	0.86	3
8	5	0.85	3
8	5	0.84	3
8	5	0.83	3
8	5	0.82	3
8	5	0.81	3
8	5	0.8	4
8	6	1	4
8	6	0.99	5
8	6	0.98	5
8	6	0.97	4
8	6	0.96	4
8	6	0.95	5
8	6	0.94	4
8	6	0.93	4
8	6	0.92	4
8	6	0.91	4
8	6	0.9	4
8	6	0.89	4
8	6	0.88	4
8	6	0.87	4
8	6	0.86	4
8	6	0.85	4
8	6	0.84	4
8	6	0.83	4
8	6	0.82	4
8	6	0.81	4
8	6	0.8	3
8	7	1	5
8	7	0.99	6
8	7	0.98	5
8	7	0.97	5
8	7	0.96	4
8	7	0.95	4
8	7	0.94	5
8	7	0.93	4
8	7	0.92	4
8	7	0.91	4
8	7	0.9	4
8	7	0.89	4
8	7	0.88	4
8	7	0.87	4
8	7	0.86	4
8	7	0.85	4
8	7	0.84	4
8	7	0.83	4
8	7	0.82	4
8	7	0.81	4
8	7	0.8	4
8	8	1	5
8	8	0.99	5
8	8	0.98	5
8	8	0.97	5
8	8	0.96	4
8	8	0.95	5
8	8	0.94	5
8	8	0.93	5
8	8	0.92	5
8	8	0.91	4
8	8	0.9	4
8	8	0.89	5
8	8	0.88	5
8	8	0.87	4
8	8	0.86	4
8	8	0.85	4
8	8	0.84	4
8	8	0.83	4
8	8	0.82	4
8	8	0.81	4
8	8	0.8	4
8	9	1	5
8	9	0.99	6
8	9	0.98	5
8	9	0.97	6
8	9	0.96	5
8	9	0.95	5
8	9	0.94	5
8	9	0.93	5
8	9	0.92	4
8	9	0.91	5
8	9	0.9	5
8	9	0.89	5
8	9	0.88	5
8	9	0.87	5
8	9	0.86	5
8	9	0.85	5
8	9	0.84	4
8	9	0.83	4
8	9	0.82	5
8	9	0.81	4
8	9	0.8	4
8	10	1	-1
8	10	0.99	7
8	10	0.98	6
8	10	0.97	5
8	10	0.96	5
8	10	0.95	5
8	10	0.94	5
8	10	0.93	5
8	10	0.92	5
8	10	0.91	5
8	10	0.9	5
8	10	0.89	5
8	10	0.88	5
8	10	0.87	5
8	10	0.86	5
8	10	0.85	5
8	10	0.84	5
8	10	0.83	5
8	10	0.82	5
8	10	0.81	5
8	10	0.8	5
8	11	1	6
8	11	0.99	6
8	11	0.98	6
8	11	0.97	6
8	11	0.96	6
8	11	0.95	5
8	11	0.94	6
8	11	0.93	5
8	11	0.92	5
8	11	0.91	5
8	11	0.9	5
8	11	0.89	5
8	11	0.88	5
8	11	0.87	5
8	11	0.86	5
8	11	0.85	5
8	11	0.84	5
8	11	0.83	5
8	11	0.82	5
8	11	0.81	5
8	11	0.8	5
8	12	1	-1
8	12	0.99	7
8	12	0.98	6
8	12	0.97	7
8	12	0.96	6
8	12	0.95	6
8	12	0.94	6
8	12	0.93	6
8	12	0.92	5
8	12	0.91	6
8	12	0.9	5
8	12	0.89	5
8	12	0.88	5
8	12	0.87	5
8	12	0.86	5
8	12	0.85	5
8	12	0.84	5
8	12	0.83	5
8	12	0.82	5
8	12	0.81	5
8	12	0.8	5
8	13	1	7
8	13	0.99	6
8	13	0.98	7
8	13	0.97	6
8	13	0.96	6
8	13	0.95	6
8	13	0.94	6
8	13	0.93	6
8	13	0.92	6
8	13	0.91	6
8	13	0.9	6
8	13	0.89	6
8	13	0.88	5
8	13	0.87	5
8	13	0.86	6
8	13	0.85	5
8	13	0.84	5
8	13	0.83	5
8	13	0.82	5
8	13	0.81	5
8	13	0.8	5
8	14	1	-1
8	14	0.99	7
8	14	0.98	7
8	14	0.97	6
8	14	0.96	6
8	14	0.95	6
8	14	0.94	6
8	14	0.93	6
8	14	0.92	6
8	14	0.91	6
8	14	0.9	6
8	14	0.89	6
8	14	0.88	6
8	14	0.87	6
8	14	0.86	6
8	14	0.85	6
8	14	0.84	6
8	14	0.83	5
8	14	0.82	6
8	14	0.81	5
8	14	0.8	5
8	15	1	8
8	15	0.99	8
8	15	0.98	7
8	15	0.97	7
8	15	0.96	7
8	15	0.95	6
8	15	0.94	6
8	15	0.93	6
8	15	0.92	6
8	15	0.91	6
8	15	0.9	6
8	15	0.89	6
8	15	0.88	6
8	15	0.87	6
8	15	0.86	6
8	15	0.85	6
8	15	0.84	6
8	15	0.83	6
8	15	0.82	6
8	15	0.81	6
8	15	0.8	6
9	2	1	-1
9	2	0.99	-1
9	2	0.98	-1
9	2	0.97	-1
9	2	0.96	-1
9	2	0.95	-1
9	2	0.94	-1
9	2	0.93	-1
9	2	0.92	-1
9	2	0.91	-1
9	2	0.9	-1
9	2	0.89	2
9	2	0.88	-1
9	2	0.87	2
9	2	0.86	2
9	2	0.85	2
9	2	0.84	2
9	2	0.83	2
9	2	0.82	2
9	2	0.81	2
9	2	0.8	2
9	3	1	3
9	3	0.99	3
9	3	0.98	3
9	3	0.97	3
9	3	0.96	3
9	3	0.95	3
9	3	0.94	3
9	3	0.93	3
9	3	0.92	3
9	3	0.91	3
9	3	0.9	3
9	3	0.89	3
9	3	0.88	3
9	3	0.87	3
9	3	0.86	3
9	3	0.85	3
9	3	0.84	3
9	3	0.83	3
9	3	0.82	3
9	3	0.81	3
9	3	0.8	3
9	4	1	4
9	4	0.99	4
9	4	0.98	4
9	4	0.97	4
9	4	0.96	3
9	4	0.95	3
9	4	0.94	3
9	4	0.93	3
9	4	0.92	3
9	4	0.91	3
9	4	0.9	3
9	4	0.89	3
9	4	0.88	3
9	4	0.87	3
9	4	0.86	3
9	4	0.85	3
9	4	0.84	3
9	4	0.83	3
9	4	0.82	3
9	4	0.81	3
9	4	0.8	3
9	5	1	5
9	5	0.99	5
9	5	0.98	4
9	5	0.97	3
9	5	0.96	4
9	5	0.95	4
9	5	0.94	4
9	5	0.93	4
9	5	0.92	4
9	5	0.91	4
9	5	0.9	4
9	5	0.89	4
9	5	0.88	3
9	5	0.87	3
9	5	0.86	3
9	5	0.85	3
9	5	0.84	3
9	5	0.83	3
9	5	0.82	3
9	5	0.81	3
9	5	0.8	3
9	6	1	5
9	6	0.99	4
9	6	0.98	4
9	6	0.97	5
9	6	0.96	4
9	6	0.95	4
9	6	0.94	4
9	6	0.93	4
9	6	0.92	4
9	6	0.91	4
9	6	0.9	4
9	6	0.89	4
9	6	0.88	4
9	6	0.87	4
9	6	0.86	4
9	6	0.85	4
9	6	0.84	4
9	6	0.83	3
9	6	0.82	3
9	6	0.81	4
9	6	0.8	4
9	7	1	6
9	7	0.99	5
9	7	0.98	5
9	7	0.97	5
9	7	0.96	5
9	7	0.95	4
9	7	0.94	4
9	7	0.93	4
9	7	0.92	4
9	7	0.91	4
9	7	0.9	4
9	7	0.89	4
9	7	0.88	4
9	7	0.87	4
9	7	0.86	4
9	7	0.85	4
9	7	0.84	4
9	7	0.83	4
9	7	0.82	4
9	7	0.81	4
9	7	0.8	4
9	8	1	6
9	8	0.99	5
9	8	0.98	5
9	8	0.97	5
9	8	0.96	4
9	8	0.95	5
9	8	0.94	5
9	8	0.93	4
9	8	0.92	4
9	8	0.91	4
9	8	0.9	4
9	8	0.89	4
9	8	0.88	4
9	8	0.87	4
9	8	0.86	4
9	8	0.85	4
9	8	0.84	4
9	8	0.83	4
9	8	0.82	4
9	8	0.81	4
9	8	0.8	4
9	9	1	-1
9	9	0.99	6
9	9	0.98	5
9	9	0.97	5
9	9	0.96	5
9	9	0.95	5
9	9	0.94	5
9	9	0.93	5
9	9	0.92	4
9	9	0.91	5
9	9	0.9	5
9	9	0.89	5
9	9	0.88	5
9	9	0.87	4
9	9	0.86	4
9	9	0.85	4
9	9	0.84	4
9	9	0.83	4
9	9	0.82	4
9	9	0.81	4
9	9	0.8	5
9	10	1	-1
9	10	0.99	5
9	10	0.98	6
9	10	0.97	5
9	10	0.96	5
9	10	0.95	5
9	10	0.94	5
9	10	0.93	5
9	10	0.92	5
9	10	0.91	5
9	10	0.9	5
9	10	0.89	5
9	10	0.88	5
9	10	0.87	5
9	10	0.86	5
9	10	0.85	5
9	10	0.84	5
9	10	0.83	5
9	10	0.82	4
9	10	0.81	4
9	10	0.8	4
9	11	1	8
9	11	0.99	6
9	11	0.98	6
9	11	0.97	5
9	11	0.96	6
9	11	0.95	5
9	11	0.94	5
9	11	0.93	5
9	11	0.92	5
9	11	0.91	5
9	11	0.9	5
9	11	0.89	5
9	11	0.88	5
9	11	0.87	5
9	11	0.86	5
9	11	0.85	5
9	11	0.84	5
9	11	0.83	5
9	11	0.82	5
9	11	0.81	5
9	11	0.8	5
9	12	1	6
9	12	0.99	6
9	12	0.98	6
9	12	0.97	6
9	12	0.96	5
9	12	0.95	5
9	12	0.94	5
9	12	0.93	5
9	12	0.92	6
9	12	0.91	5
9	12	0.9	5
9	12	0.89	5
9	12	0.88	5
9	12	0.87	5
9	12	0.86	5
9	12	0.85	5
9	12	0.84	5
9	12	0.83	5
9	12	0.82	5
9	12	0.81	5
9	12	0.8	5
9	13	1	-1
9	13	0.99	7
9	13	0.98	6
9	13	0.97	6
9	13	0.96	6
9	13	0.95	6
9	13	0.94	6
9	13	0.93	5
9	13	0.92	5
9	13	0.91	5
9	13	0.9	5
9	13	0.89	5
9	13	0.88	6
9	13	0.87	5
9	13	0.86	5
9	13	0.85	5
9	13	0.84	5
9	13	0.83	5
9	13	0.82	5
9	13	0.81	5
9	13	0.8	5
9	14	1	-1
9	14	0.99	7
9	14	0.98	6
9	14	0.97	6
9	14	0.96	6
9	14	0.95	6
9	14	0.94	6
9	14	0.93	6
9	14	0.92	6
9	14	0.91	6
9	14	0.9	6
9	14	0.89	6
9	14	0.88	5
9	14	0.87	6
9	14	0.86	5
9	14	0.85	6
9	14	0.84	5
9	14	0.83	5
9	14	0.82	5
9	14	0.81	5
9	14	0.8	5
9	15	1	-1
9	15	0.99	7
9	15	0.98	6
9	15	0.97	7
9	15	0.96	7
9	15	0.95	6
9	15	0.94	6
9	15	0.93	6
9	15	0.92	6
9	15	0.91	6
9	15	0.9	6
9	15	0.89	6
9	15	0.88	6
9	15	0.87	6
9	15	0.86	5
9	15	0.85	6
9	15	0.84	6
9	15	0.83	6
9	15	0.82	6
9	15	0.81	6
9	15	0.8	5
10	2	1	-1
10	2	0.99	-1
10	2	0.98	-1
10	2	0.97	-1
10	2	0.96	-1
10	2	0.95	-1
10	2	0.94	-1
10	2	0.93	-1
10	2	0.92	-1
10	2	0.91	-1
10	2	0.9	-1
10	2	0.89	2
10	2	0.88	2
10	2	0.87	2
10	2	0.86	2
10	2	0.85	2
10	2	0.84	2
10	2	0.83	2
10	2	0.82	2
10	2	0.81	2
10	2	0.8	2
10	3	1	-1
10	3	0.99	3
10	3	0.98	-1
10	3	0.97	3
10	3	0.96	3
10	3	0.95	3
10	3	0.94	3
10	3	0.93	3
10	3	0.92	3
10	3	0.91	3
10	3	0.9	3
10	3	0.89	3
10	3	0.88	3
10	3	0.87	3
10	3	0.86	3
10	3	0.85	3
10	3	0.84	3
10	3	0.83	3
10	3	0.82	3
10	3	0.81	3
10	3	0.8	3
10	4	1	-1
10	4	0.99	4
10	4	0.98	4
10	4	0.97	3
10	4	0.96	4
10	4	0.95	3
10	4	0.94	3
10	4	0.93	3
10	4	0.92	3
10	4	0.91	3
10	4	0.9	3
10	4	0.89	3
10	4	0.88	3
10	4	0.87	3
10	4	0.86	3
10	4	0.85	3
10	4	0.84	3
10	4	0.83	3
10	4	0.82	3
10	4	0.81	3
10	4	0.8	3
10	5	1	-1
10	5	0.99	4
10	5	0.98	5
10	5	0.97	4
10	5	0.96	4
10	5	0.95	4
10	5	0.94	4
10	5	0.93	4
10	5	0.92	3
10	5	0.91	3
10	5	0.9	3
10	5	0.89	3
10	5	0.88	3
10	5	0.87	3
10	5	0.86	3
10	5	0.85	3
10	5	0.84	3
10	5	0.83	3
10	5	0.82	3
10	5	0.81	3
10	5	0.8	3
10	6	1	4
10	6	0.99	5
10	6	0.98	4
10	6	0.97	4
10	6	0.96	4
10	6	0.95	4
10	6	0.94	4
10	6	0.93	4
10	6	0.92	4
10	6	0.91	4
10	6	0.9	4
10	6	0.89	4
10	6	0.88	4
10	6	0.87	4
10	6	0.86	3
10	6	0.85	3
10	6	0.84	4
10	6	0.83	3
10	6	0.82	4
10	6	0.81	4
10	6	0.8	3
10	7	1	-1
10	7	0.99	5
10	7	0.98	5
10	7	0.97	4
10	7	0.96	4
10	7	0.95	4
10	7	0.94	4
10	7	0.93	4
10	7	0.92	4
10	7	0.91	4
10	7	0.9	4
10	7	0.89	4
10	7	0.88	4
10	7	0.87	4
10	7	0.86	4
10	7	0.85	4
10	7	0.84	4
10	7	0.83	4
10	7	0.82	4
10	7	0.81	4
10	7	0.8	4
10	8	1	-1
10	8	0.99	5
10	8	0.98	5
10	8	0.97	5
10	8	0.96	4
10	8	0.95	5
10	8	0.94	4
10	8	0.93	4
10	8	0.92	4
10	8	0.91	4
10	8	0.9	4
10	8	0.89	4
10	8	0.88	4
10	8	0.87	4
10	8	0.86	4
10	8	0.85	4
10	8	0.84	4
10	8	0.83	4
10	8	0.82	4
10	8	0.81	4
10	8	0.8	4
10	9	1	-1
10	9	0.99	5
10	9	0.98	5
10	9	0.97	5
10	9	0.96	5
10	9	0.95	5
10	9	0.94	4
10	9	0.93	5
10	9	0.92	4
10	9	0.91	4
10	9	0.9	4
10	9	0.89	4
10	9	0.88	4
10	9	0.87	4
10	9	0.86	4
10	9	0.85	4
10	9	0.84	4
10	9	0.83	4
10	9	0.82	4
10	9	0.81	4
10	9	0.8	4
10	10	1	6
10	10	0.99	6
10	10	0.98	6
10	10	0.97	5
10	10	0.96	5
10	10	0.95	5
10	10	0.94	5
10	10	0.93	5
10	10	0.92	5
10	10	0.91	5
10	10	0.9	5
10	10	0.89	4
10	10	0.88	5
10	10	0.87	4
10	10	0.86	5
10	10	0.85	5
10	10	0.84	4
10	10	0.83	4
10	10	0.82	4
10	10	0.81	4
10	10	0.8	4
10	11	1	6
10	11	0.99	6
10	11	0.98	6
10	11	0.97	5
10	11	0.96	5
10	11	0.95	5
10	11	0.94	5
10	11	0.93	5
10	11	0.92	5
10	11	0.91	5
10	11	0.9	5
10	11	0.89	5
10	11	0.88	5
10	11	0.87	5
10	11	0.86	5
10	11	0.85	5
10	11	0.84	4
10	11	0.83	5
10	11	0.82	5
10	11	0.81	5
10	11	0.8	4
10	12	1	6
10	12	0.99	6
10	12	0.98	6
10	12	0.97	6
10	12	0.96	5
10	12	0.95	5
10	12	0.94	6
10	12	0.93	6
10	12	0.92	5
10	12	0.91	5
10	12	0.9	5
10	12	0.89	5
10	12	0.88	5
10	12	0.87	5
10	12	0.86	5
10	12	0.85	5
10	12	0.84	5
10	12	0.83	5
10	12	0.82	5
10	12	0.81	5
10	12	0.8	5
10	13	1	7
10	13	0.99	6
10	13	0.98	7
10	13	0.97	6
10	13	0.96	6
10	13	0.95	5
10	13	0.94	5
10	13	0.93	5
10	13	0.92	5
10	13	0.91	5
10	13	0.9	5
10	13	0.89	5
10	13	0.88	5
10	13	0.87	5
10	13	0.86	5
10	13	0.85	5
10	13	0.84	5
10	13	0.83	5
10	13	0.82	5
10	13	0.81	5
10	13	0.8	5
10	14	1	-1
10	14	0.99	6
10	14	0.98	6
10	14	0.97	6
10	14	0.96	6
10	14	0.95	6
10	14	0.94	6
10	14	0.93	6
10	14	0.92	6
10	14	0.91	6
10	14	0.9	6
10	14	0.89	5
10	14	0.88	5
10	14	0.87	5
10	14	0.86	5
10	14	0.85	5
10	14	0.84	5
10	14	0.83	5
10	14	0.82	5
10	14	0.81	5
10	14	0.8	5
10	15	1	-1
10	15	0.99	6
10	15	0.98	7
10	15	0.97	6
10	15	0.96	6
10	15	0.95	6
10	15	0.94	6
10	15	0.93	6
10	15	0.92	6
10	15	0.91	6
10	15	0.9	6
10	15	0.89	5
10	15	0.88	6
10	15	0.87	5
10	15	0.86	5
10	15	0.85	5
10	15	0.84	5
10	15	0.83	5
10	15	0.82	5
10	15	0.81	5
10	15	0.8	5
11	2	1	-1
11	2	0.99	-1
11	2	0.98	-1
11	2	0.97	-1
11	2	0.96	-1
11	2	0.95	-1
11	2	0.94	-1
11	2	0.93	-1
11	2	0.92	2
11	2	0.91	-1
11	2	0.9	-1
11	2	0.89	2
11	2	0.88	2
11	2	0.87	2
11	2	0.86	2
11	2	0.85	2
11	2	0.84	2
11	2	0.83	2
11	2	0.82	2
11	2	0.81	2
11	2	0.8	2
11	3	1	3
11	3	0.99	-1
11	3	0.98	3
11	3	0.97	3
11	3	0.96	3
11	3	0.95	3
11	3	0.94	3
11	3	0.93	3
11	3	0.92	3
11	3	0.91	3
11	3	0.9	3
11	3	0.89	3
11	3	0.88	3
11	3	0.87	3
11	3	0.86	3
11	3	0.85	3
11	3	0.84	3
11	3	0.83	3
11	3	0.82	3
11	3	0.81	3
11	3	0.8	2
11	4	1	4
11	4	0.99	4
11	4	0.98	3
11	4	0.97	3
11	4	0.96	3
11	4	0.95	3
11	4	0.94	3
11	4	0.93	3
11	4	0.92	3
11	4	0.91	3
11	4	0.9	3
11	4	0.89	3
11	4	0.88	3
11	4	0.87	3
11	4	0.86	3
11	4	0.85	3
11	4	0.84	3
11	4	0.83	3
11	4	0.82	3
11	4	0.81	3
11	4	0.8	3
11	5	1	-1
11	5	0.99	4
11	5	0.98	4
11	5	0.97	4
11	5	0.96	4
11	5	0.95	4
11	5	0.94	4
11	5	0.93	4
11	5	0.92	3
11	5	0.91	4
11	5	0.9	3
11	5	0.89	3
11	5	0.88	3
11	5	0.87	3
11	5	0.86	3
11	5	0.85	3
11	5	0.84	3
11	5	0.83	3
11	5	0.82	3
11	5	0.81	3
11	5	0.8	3
11	6	1	4
11	6	0.99	5
11	6	0.98	4
11	6	0.97	4
11	6	0.96	4
11	6	0.95	4
11	6	0.94	4
11	6	0.93	4
11	6	0.92	4
11	6	0.91	4
11	6	0.9	4
11	6	0.89	3
11	6	0.88	4
11	6	0.87	3
11	6	0.86	4
11	6	0.85	4
11	6	0.84	4
11	6	0.83	3
11	6	0.82	3
11	6	0.81	3
11	6	0.8	3
11	7	1	5
11	7	0.99	4
11	7	0.98	4
11	7	0.97	4
11	7	0.96	4
11	7	0.95	4
11	7	0.94	4
11	7	0.93	4
11	7	0.92	4
11	7	0.91	4
11	7	0.9	4
11	7	0.89	4
11	7	0.88	4
11	7	0.87	4
11	7	0.86	4
11	7	0.85	4
11	7	0.84	4
11	7	0.83	4
11	7	0.82	3
11	7	0.81	4
11	7	0.8	4
11	8	1	5
11	8	0.99	5
11	8	0.98	5
11	8	0.97	5
11	8	0.96	4
11	8	0.95	4
11	8	0.94	5
11	8	0.93	4
11	8	0.92	4
11	8	0.91	4
11	8	0.9	4
11	8	0.89	4
11	8	0.88	4
11	8	0.87	4
11	8	0.86	4
11	8	0.85	4
11	8	0.84	4
11	8	0.83	4
11	8	0.82	4
11	8	0.81	4
11	8	0.8	4
11	9	1	-1
11	9	0.99	6
11	9	0.98	5
11	9	0.97	5
11	9	0.96	5
11	9	0.95	5
11	9	0.94	5
11	9	0.93	4
11	9	0.92	4
11	9	0.91	4
11	9	0.9	4
11	9	0.89	4
11	9	0.88	4
11	9	0.87	4
11	9	0.86	4
11	9	0.85	4
11	9	0.84	4
11	9	0.83	4
11	9	0.82	4
11	9	0.81	4
11	9	0.8	4
11	10	1	-1
11	10	0.99	5
11	10	0.98	5
11	10	0.97	5
11	10	0.96	5
11	10	0.95	5
11	10	0.94	5
11	10	0.93	5
11	10	0.92	5
11	10	0.91	5
11	10	0.9	4
11	10	0.89	4
11	10	0.88	4
11	10	0.87	4
11	10	0.86	4
11	10	0.85	4
11	10	0.84	4
11	10	0.83	4
11	10	0.82	4
11	10	0.81	4
11	10	0.8	4
11	11	1	-1
11	11	0.99	5
11	11	0.98	5
11	11	0.97	6
11	11	0.96	5
11	11	0.95	5
11	11	0.94	5
11	11	0.93	5
11	11	0.92	5
11	11	0.91	5
11	11	0.9	5
11	11	0.89	5
11	11	0.88	5
11	11	0.87	4
11	11	0.86	5
11	11	0.85	5
11	11	0.84	4
11	11	0.83	4
11	11	0.82	5
11	11	0.81	5
11	11	0.8	4
11	12	1	-1
11	12	0.99	6
11	12	0.98	6
11	12	0.97	5
11	12	0.96	6
11	12	0.95	5
11	12	0.94	6
11	12	0.93	5
11	12	0.92	5
11	12	0.91	5
11	12	0.9	5
11	12	0.89	5
11	12	0.88	5
11	12	0.87	5
11	12	0.86	5
11	12	0.85	5
11	12	0.84	4
11	12	0.83	5
11	12	0.82	5
11	12	0.81	4
11	12	0.8	4
11	13	1	6
11	13	0.99	7
11	13	0.98	5
11	13	0.97	6
11	13	0.96	6
11	13	0.95	5
11	13	0.94	5
11	13	0.93	5
11	13	0.92	5
11	13	0.91	5
11	13	0.9	5
11	13	0.89	5
11	13	0.88	5
11	13	0.87	5
11	13	0.86	5
11	13	0.85	5
11	13	0.84	5
11	13	0.83	5
11	13	0.82	5
11	13	0.81	5
11	13	0.8	5
11	14	1	7
11	14	0.99	6
11	14	0.98	6
11	14	0.97	6
11	14	0.96	6
11	14	0.95	5
11	14	0.94	6
11	14	0.93	6
11	14	0.92	5
11	14	0.91	5
11	14	0.9	5
11	14	0.89	5
11	14	0.88	5
11	14	0.87	5
11	14	0.86	5
11	14	0.85	5
11	14	0.84	5
11	14	0.83	5
11	14	0.82	5
11	14	0.81	5
11	14	0.8	5
11	15	1	-1
11	15	0.99	7
11	15	0.98	7
11	15	0.97	6
11	15	0.96	6
11	15	0.95	6
11	15	0.94	6
11	15	0.93	6
11	15	0.92	6
11	15	0.91	5
11	15	0.9	6
11	15	0.89	5
11	15	0.88	5
11	15	0.87	5
11	15	0.86	5
11	15	0.85	5
11	15	0.84	5
11	15	0.83	5
11	15	0.82	5
11	15	0.81	5
11	15	0.8	5
12	2	1	-1
12	2	0.99	-1
12	2	0.98	-1
12	2	0.97	-1
12	2	0.96	-1
12	2	0.95	-1
12	2	0.94	-1
12	2	0.93	-1
12	2	0.92	2
12	2	0.91	-1
12	2	0.9	2
12	2	0.89	-1
12	2	0.88	2
12	2	0.87	2
12	2	0.86	2
12	2	0.85	2
12	2	0.84	2
12	2	0.83	2
12	2	0.82	2
12	2	0.81	2
12	2	0.8	2
12	3	1	-1
12	3	0.99	3
12	3	0.98	3
12	3	0.97	3
12	3	0.96	3
12	3	0.95	3
12	3	0.94	3
12	3	0.93	3
12	3	0.92	3
12	3	0.91	3
12	3	0.9	3
12	3	0.89	3
12	3	0.88	3
12	3	0.87	3
12	3	0.86	3
12	3	0.85	3
12	3	0.84	3
12	3	0.83	3
12	3	0.82	3
12	3	0.81	3
12	3	0.8	3
12	4	1	4
12	4	0.99	4
12	4	0.98	4
12	4	0.97	4
12	4	0.96	3
12	4	0.95	3
12	4	0.94	3
12	4	0.93	3
12	4	0.92	3
12	4	0.91	3
12	4	0.9	3
12	4	0.89	3
12	4	0.88	3
12	4	0.87	3
12	4	0.86	3
12	4	0.85	3
12	4	0.84	3
12	4	0.83	3
12	4	0.82	3
12	4	0.81	3
12	4	0.8	3
12	5	1	4
12	5	0.99	4
12	5	0.98	4
12	5	0.97	4
12	5	0.96	4
12	5	0.95	3
12	5	0.94	4
12	5	0.93	4
12	5	0.92	4
12	5	0.91	3
12	5	0.9	3
12	5	0.89	3
12	5	0.88	3
12	5	0.87	3
12	5	0.86	3
12	5	0.85	3
12	5	0.84	3
12	5	0.83	3
12	5	0.82	3
12	5	0.81	3
12	5	0.8	3
12	6	1	-1
12	6	0.99	5
12	6	0.98	4
12	6	0.97	4
12	6	0.96	4
12	6	0.95	4
12	6	0.94	4
12	6	0.93	4
12	6	0.92	4
12	6	0.91	3
12	6	0.9	4
12	6	0.89	4
12	6	0.88	3
12	6	0.87	4
12	6	0.86	3
12	6	0.85	3
12	6	0.84	3
12	6	0.83	3
12	6	0.82	3
12	6	0.81	3
12	6	0.8	3
12	7	1	5
12	7	0.99	4
12	7	0.98	5
12	7	0.97	4
12	7	0.96	4
12	7	0.95	4
12	7	0.94	4
12	7	0.93	4
12	7	0.92	4
12	7	0.91	4
12	7	0.9	4
12	7	0.89	4
12	7	0.88	4
12	7	0.87	4
12	7	0.86	4
12	7	0.85	3
12	7	0.84	4
12	7	0.83	3
12	7	0.82	3
12	7	0.81	3
12	7	0.8	3
12	8	1	5
12	8	0.99	5
12	8	0.98	5
12	8	0.97	4
12	8	0.96	5
12	8	0.95	4
12	8	0.94	4
12	8	0.93	4
12	8	0.92	4
12	8	0.91	4
12	8	0.9	4
12	8	0.89	4
12	8	0.88	4
12	8	0.87	4
12	8	0.86	4
12	8	0.85	4
12	8	0.84	4
12	8	0.83	4
12	8	0.82	4
12	8	0.81	4
12	8	0.8	4
12	9	1	5
12	9	0.99	5
12	9	0.98	5
12	9	0.97	5
12	9	0.96	5
12	9	0.95	4
12	9	0.94	4
12	9	0.93	5
12	9	0.92	4
12	9	0.91	4
12	9	0.9	4
12	9	0.89	4
12	9	0.88	4
12	9	0.87	4
12	9	0.86	4
12	9	0.85	4
12	9	0.84	4
12	9	0.83	4
12	9	0.82	4
12	9	0.81	4
12	9	0.8	4
12	10	1	-1
12	10	0.99	6
12	10	0.98	5
12	10	0.97	5
12	10	0.96	5
12	10	0.95	5
12	10	0.94	5
12	10	0.93	5
12	10	0.92	4
12	10	0.91	5
12	10	0.9	4
12	10	0.89	4
12	10	0.88	4
12	10	0.87	4
12	10	0.86	4
12	10	0.85	4
12	10	0.84	4
12	10	0.83	4
12	10	0.82	4
12	10	0.81	4
12	10	0.8	4
12	11	1	6
12	11	0.99	5
12	11	0.98	6
12	11	0.97	5
12	11	0.96	5
12	11	0.95	5
12	11	0.94	5
12	11	0.93	5
12	11	0.92	5
12	11	0.91	5
12	11	0.9	4
12	11	0.89	4
12	11	0.88	5
12	11	0.87	4
12	11	0.86	4
12	11	0.85	4
12	11	0.84	4
12	11	0.83	4
12	11	0.82	4
12	11	0.81	4
12	11	0.8	4
12	12	1	-1
12	12	0.99	6
12	12	0.98	5
12	12	0.97	5
12	12	0.96	5
12	12	0.95	5
12	12	0.94	5
12	12	0.93	5
12	12	0.92	5
12	12	0.91	5
12	12	0.9	5
12	12	0.89	5
12	12	0.88	5
12	12	0.87	5
12	12	0.86	4
12	12	0.85	5
12	12	0.84	4
12	12	0.83	5
12	12	0.82	5
12	12	0.81	4
12	12	0.8	4
12	13	1	6
12	13	0.99	6
12	13	0.98	6
12	13	0.97	5
12	13	0.96	5
12	13	0.95	5
12	13	0.94	5
12	13	0.93	5
12	13	0.92	5
12	13	0.91	5
12	13	0.9	5
12	13	0.89	5
12	13	0.88	5
12	13	0.87	5
12	13	0.86	5
12	13	0.85	5
12	13	0.84	5
12	13	0.83	5
12	13	0.82	5
12	13	0.81	4
12	13	0.8	4
12	14	1	-1
12	14	0.99	6
12	14	0.98	6
12	14	0.97	6
12	14	0.96	6
12	14	0.95	5
12	14	0.94	5
12	14	0.93	5
12	14	0.92	5
12	14	0.91	6
12	14	0.9	5
12	14	0.89	5
12	14	0.88	5
12	14	0.87	5
12	14	0.86	5
12	14	0.85	5
12	14	0.84	5
12	14	0.83	5
12	14	0.82	5
12	14	0.81	5
12	14	0.8	5
12	15	1	6
12	15	0.99	6
12	15	0.98	6
12	15	0.97	6
12	15	0.96	6
12	15	0.95	5
12	15	0.94	6
12	15	0.93	5
12	15	0.92	5
12	15	0.91	5
12	15	0.9	5
12	15	0.89	5
12	15	0.88	5
12	15	0.87	6
12	15	0.86	5
12	15	0.85	5
12	15	0.84	5
12	15	0.83	5
12	15	0.82	5
12	15	0.81	5
12	15	0.8	5
